(
Escherichia_coli_NC_000913:0.44533,
Salmonella_enterica_NC_003197:0.24919,
Salmonella_enterica_NC_003198:0.21759);
